group	fill	colour	clickSelects
152	#FFFFFF	#D3D3D3	91
153	#FFFFFF	#D3D3D3	91
154	#FFFFFF	#D3D3D3	91
165	#FFFFFF	#D3D3D3	91
176	#FFFFFF	#D3D3D3	91
187	#FFFFFF	#D3D3D3	91
198	#FFFFFF	#D3D3D3	91
203	#FFFFFF	#D3D3D3	91
204	#FFFFFF	#D3D3D3	91
205	#FFFFFF	#D3D3D3	91
216	#FFFFFF	#D3D3D3	91
227	#FFFFFF	#D3D3D3	91
238	#FFFFFF	#D3D3D3	91
248	#FFFFFF	#D3D3D3	91
253	#FFFFFF	#D3D3D3	91
254	#FFFFFF	#D3D3D3	91
255	#FFFFFF	#D3D3D3	91
266	#FFFFFF	#D3D3D3	91
277	#FFFFFF	#D3D3D3	91
288	#FFFFFF	#D3D3D3	91
299	#FFFFFF	#D3D3D3	91
300	#FFFFFF	#D3D3D3	91
304	#FFFFFF	#D3D3D3	91
305	#FFFFFF	#D3D3D3	91
306	#FFFFFF	#D3D3D3	91
317	#FFFFFF	#D3D3D3	91
328	#FFFFFF	#D3D3D3	91
339	#FFFFFF	#D3D3D3	91
349	#FFFFFF	#D3D3D3	91
350	#FFFFFF	#D3D3D3	91
354	#FFFFFF	#D3D3D3	91
355	#FFFFFF	#D3D3D3	91
356	#FFFFFF	#D3D3D3	91
367	#FFFFFF	#D3D3D3	91
378	#FFFFFF	#D3D3D3	91
389	#FFFFFF	#D3D3D3	91
400	#FFFFFF	#D3D3D3	222
401	#FFFFFF	#D3D3D3	91
402	#FFFFFF	#D3D3D3	91
405	#FFFFFF	#D3D3D3	91
406	#FFFFFF	#D3D3D3	91
407	#FFFFFF	#D3D3D3	91
418	#FFFFFF	#D3D3D3	91
429	#FFFFFF	#D3D3D3	91
440	#FFFFFF	#D3D3D3	91
450	#FFFFFF	#D3D3D3	222
451	#FFFFFF	#D3D3D3	91
452	#FFFFFF	#D3D3D3	91
455	#FFFFFF	#D3D3D3	91
456	#FFFFFF	#D3D3D3	91
457	#FFFFFF	#D3D3D3	91
468	#FFFFFF	#D3D3D3	91
479	#FFFFFF	#D3D3D3	91
490	#FFFFFF	#D3D3D3	91
501	#FFFFFF	#D3D3D3	91
502	#FFFFFF	#D3D3D3	222
503	#FFFFFF	#D3D3D3	91
504	#FFFFFF	#D3D3D3	91
506	#FFFFFF	#D3D3D3	91
507	#FFFFFF	#D3D3D3	91
508	#FFFFFF	#D3D3D3	91
519	#FFFFFF	#D3D3D3	91
530	#FFFFFF	#D3D3D3	91
541	#FFFFFF	#D3D3D3	91
551	#FFFFFF	#D3D3D3	91
552	#FFFFFF	#D3D3D3	222
553	#FFFFFF	#D3D3D3	91
554	#FFFFFF	#D3D3D3	91
556	#FFFFFF	#D3D3D3	91
557	#FFFFFF	#D3D3D3	91
558	#FFFFFF	#D3D3D3	91
569	#FFFFFF	#D3D3D3	91
580	#FFFFFF	#D3D3D3	91
591	#FFFFFF	#D3D3D3	91
602	#FFFFFF	#D3D3D3	91
603	#FFFFFF	#D3D3D3	91
604	#FFFFFF	#D3D3D3	222
605	#FFFFFF	#D3D3D3	91
606	#FFFFFF	#D3D3D3	91
607	#FFFFFF	#D3D3D3	91
608	#FFFFFF	#D3D3D3	91
609	#FFFFFF	#D3D3D3	91
620	#FFFFFF	#D3D3D3	91
631	#FFFFFF	#D3D3D3	91
642	#FFFFFF	#D3D3D3	91
652	#FFFFFF	#D3D3D3	91
653	#FFFFFF	#D3D3D3	91
654	#FFFFFF	#D3D3D3	222
655	#FFFFFF	#D3D3D3	91
656	#FFFFFF	#D3D3D3	91
657	#FFFFFF	#D3D3D3	91
658	#FFFFFF	#D3D3D3	91
659	#FFFFFF	#D3D3D3	91
660	#FFFFFF	#D3D3D3	91
670	#FFFFFF	#D3D3D3	91
681	#FFFFFF	#D3D3D3	91
692	#FFFFFF	#D3D3D3	91
703	#FFFFFF	#D3D3D3	91
704	#FFFFFF	#D3D3D3	222
705	#FFFFFF	#D3D3D3	222
706	#FFFFFF	#D3D3D3	222
707	#FFFFFF	#D3D3D3	222
708	#FFFFFF	#D3D3D3	91
709	#FFFFFF	#D3D3D3	91
710	#FFFFFF	#D3D3D3	91
711	#FFFFFF	#D3D3D3	91
721	#FFFFFF	#D3D3D3	91
732	#FFFFFF	#D3D3D3	91
743	#FFFFFF	#D3D3D3	91
753	#FFFFFF	#D3D3D3	222
754	#FFFFFF	#D3D3D3	222
755	#FFFFFF	#D3D3D3	222
756	#FFFFFF	#D3D3D3	222
757	#FFFFFF	#D3D3D3	222
758	#FFFFFF	#D3D3D3	91
759	#FFFFFF	#D3D3D3	91
760	#FFFFFF	#D3D3D3	91
761	#FFFFFF	#D3D3D3	222
762	#FFFFFF	#D3D3D3	91
771	#FFFFFF	#D3D3D3	91
782	#FFFFFF	#D3D3D3	91
793	#FFFFFF	#D3D3D3	222
804	#FFFFFF	#D3D3D3	222
805	#FFFFFF	#D3D3D3	222
806	#FFFFFF	#D3D3D3	222
807	#FFFFFF	#D3D3D3	222
808	#FFFFFF	#D3D3D3	222
809	#FFFFFF	#D3D3D3	91
810	#FFFFFF	#D3D3D3	91
811	#FFFFFF	#D3D3D3	91
812	#FFFFFF	#D3D3D3	222
813	#FFFFFF	#D3D3D3	91
822	#FFFFFF	#D3D3D3	91
833	#FFFFFF	#D3D3D3	222
844	#FFFFFF	#D3D3D3	222
854	#FFFFFF	#D3D3D3	222
855	#FFFFFF	#D3D3D3	222
856	#FFFFFF	#D3D3D3	222
857	#FFFFFF	#D3D3D3	222
858	#FFFFFF	#D3D3D3	222
859	#FFFFFF	#D3D3D3	91
860	#FFFFFF	#D3D3D3	91
861	#FFFFFF	#D3D3D3	91
862	#FFFFFF	#D3D3D3	222
863	#FFFFFF	#D3D3D3	222
864	#FFFFFF	#D3D3D3	91
872	#FFFFFF	#D3D3D3	222
883	#FFFFFF	#D3D3D3	222
894	#FFFFFF	#D3D3D3	222
905	#FFFFFF	#D3D3D3	222
906	#FFFFFF	#D3D3D3	222
907	#FFFFFF	#D3D3D3	222
908	#FFFFFF	#D3D3D3	222
909	#FFFFFF	#D3D3D3	222
910	#FFFFFF	#D3D3D3	91
911	#FFFFFF	#D3D3D3	91
912	#FFFFFF	#D3D3D3	222
913	#FFFFFF	#D3D3D3	222
914	#FFFFFF	#D3D3D3	222
915	#FFFFFF	#D3D3D3	222
923	#FFFFFF	#D3D3D3	222
934	#FFFFFF	#D3D3D3	222
945	#FFFFFF	#D3D3D3	91
955	#FFFFFF	#D3D3D3	222
956	#FFFFFF	#D3D3D3	222
957	#FFFFFF	#D3D3D3	222
958	#FFFFFF	#D3D3D3	222
959	#FFFFFF	#D3D3D3	222
960	#FFFFFF	#D3D3D3	91
961	#FFFFFF	#D3D3D3	91
962	#FFFFFF	#D3D3D3	91
963	#FFFFFF	#D3D3D3	222
964	#FFFFFF	#D3D3D3	222
965	#FFFFFF	#D3D3D3	222
966	#FFFFFF	#D3D3D3	222
973	#FFFFFF	#D3D3D3	222
984	#FFFFFF	#D3D3D3	222
995	#FFFFFF	#D3D3D3	91
1006	#FFFFFF	#D3D3D3	91
1007	#FFFFFF	#D3D3D3	91
1008	#FFFFFF	#D3D3D3	222
1009	#FFFFFF	#D3D3D3	222
1010	#FFFFFF	#D3D3D3	222
1011	#FFFFFF	#D3D3D3	91
1012	#FFFFFF	#D3D3D3	91
1013	#FFFFFF	#D3D3D3	222
1014	#FFFFFF	#D3D3D3	222
1015	#FFFFFF	#D3D3D3	222
1016	#FFFFFF	#D3D3D3	222
1017	#FFFFFF	#D3D3D3	222
1024	#FFFFFF	#D3D3D3	222
1035	#FFFFFF	#D3D3D3	91
1046	#FFFFFF	#D3D3D3	91
1056	#FFFFFF	#D3D3D3	91
1057	#FFFFFF	#D3D3D3	91
1058	#FFFFFF	#D3D3D3	222
1059	#FFFFFF	#D3D3D3	222
1060	#FFFFFF	#D3D3D3	222
1061	#FFFFFF	#D3D3D3	91
1062	#FFFFFF	#D3D3D3	91
1063	#FFFFFF	#D3D3D3	91
1064	#FFFFFF	#D3D3D3	222
1065	#FFFFFF	#D3D3D3	222
1066	#FFFFFF	#D3D3D3	222
1067	#FFFFFF	#D3D3D3	222
1068	#FFFFFF	#D3D3D3	222
1074	#FFFFFF	#D3D3D3	222
1085	#FFFFFF	#D3D3D3	91
1096	#FFFFFF	#D3D3D3	91
1107	#FFFFFF	#D3D3D3	91
1108	#FFFFFF	#D3D3D3	91
1109	#FFFFFF	#D3D3D3	222
1110	#FFFFFF	#D3D3D3	222
1111	#FFFFFF	#D3D3D3	222
1112	#FFFFFF	#D3D3D3	91
1113	#FFFFFF	#D3D3D3	91
1114	#FFFFFF	#D3D3D3	222
1115	#FFFFFF	#D3D3D3	222
1116	#FFFFFF	#D3D3D3	222
1117	#FFFFFF	#D3D3D3	222
1118	#FFFFFF	#D3D3D3	222
1119	#FFFFFF	#D3D3D3	222
1125	#FFFFFF	#D3D3D3	91
1136	#FFFFFF	#D3D3D3	91
1147	#FFFFFF	#D3D3D3	91
1157	#FFFFFF	#D3D3D3	91
1158	#FFFFFF	#D3D3D3	91
1159	#FFFFFF	#D3D3D3	91
1160	#FFFFFF	#D3D3D3	222
1161	#FFFFFF	#D3D3D3	222
1263	#FFFFFF	#D3D3D3	91
1264	#FFFFFF	#D3D3D3	91
1265	#FFFFFF	#D3D3D3	91
1266	#FFFFFF	#D3D3D3	222
1267	#FFFFFF	#D3D3D3	222
1268	#FFFFFF	#D3D3D3	222
1269	#FFFFFF	#D3D3D3	222
1270	#FFFFFF	#D3D3D3	222
1271	#FFFFFF	#D3D3D3	222
1276	#FFFFFF	#D3D3D3	222
1287	#FFFFFF	#D3D3D3	91
1298	#FFFFFF	#D3D3D3	91
1309	#FFFFFF	#D3D3D3	91
1310	#FFFFFF	#D3D3D3	91
1311	#FFFFFF	#D3D3D3	91
1312	#FFFFFF	#D3D3D3	91
1313	#FFFFFF	#D3D3D3	222
1314	#FFFFFF	#D3D3D3	91
1315	#FFFFFF	#D3D3D3	91
1316	#FFFFFF	#D3D3D3	91
1317	#FFFFFF	#D3D3D3	222
1318	#FFFFFF	#D3D3D3	222
1319	#FFFFFF	#D3D3D3	222
1320	#FFFFFF	#D3D3D3	222
1321	#FFFFFF	#D3D3D3	222
1322	#FFFFFF	#D3D3D3	222
1327	#FFFFFF	#D3D3D3	91
1338	#FFFFFF	#D3D3D3	91
1349	#FFFFFF	#D3D3D3	91
1359	#FFFFFF	#D3D3D3	91
1360	#FFFFFF	#D3D3D3	91
1361	#FFFFFF	#D3D3D3	91
1362	#FFFFFF	#D3D3D3	91
1363	#FFFFFF	#D3D3D3	222
1364	#FFFFFF	#D3D3D3	91
1365	#FFFFFF	#D3D3D3	91
1366	#FFFFFF	#D3D3D3	91
1367	#FFFFFF	#D3D3D3	222
1368	#FFFFFF	#D3D3D3	222
1369	#FFFFFF	#D3D3D3	222
1370	#FFFFFF	#D3D3D3	222
1371	#FFFFFF	#D3D3D3	222
1372	#FFFFFF	#D3D3D3	222
1373	#FFFFFF	#D3D3D3	222
1377	#FFFFFF	#D3D3D3	91
1388	#FFFFFF	#D3D3D3	91
1399	#FFFFFF	#D3D3D3	91
1410	#FFFFFF	#D3D3D3	91
1411	#FFFFFF	#D3D3D3	91
1412	#FFFFFF	#D3D3D3	91
1413	#FFFFFF	#D3D3D3	91
1414	#FFFFFF	#D3D3D3	222
1415	#FFFFFF	#D3D3D3	1
1416	#FFFFFF	#D3D3D3	91
1417	#FFFFFF	#D3D3D3	91
1418	#FFFFFF	#D3D3D3	222
1419	#FFFFFF	#D3D3D3	222
1420	#FFFFFF	#D3D3D3	91
1421	#FFFFFF	#D3D3D3	91
1422	#FFFFFF	#D3D3D3	222
1423	#FFFFFF	#D3D3D3	222
1424	#FFFFFF	#D3D3D3	222
1428	#FFFFFF	#D3D3D3	1
1439	#FFFFFF	#D3D3D3	91
1450	#FFFFFF	#D3D3D3	91
1460	#FFFFFF	#D3D3D3	91
1461	#FFFFFF	#D3D3D3	91
1462	#FFFFFF	#D3D3D3	91
1463	#FFFFFF	#D3D3D3	222
1464	#FFFFFF	#D3D3D3	222
1465	#FFFFFF	#D3D3D3	1
1466	#FFFFFF	#D3D3D3	91
1467	#FFFFFF	#D3D3D3	91
1468	#FFFFFF	#D3D3D3	222
1469	#FFFFFF	#D3D3D3	222
1470	#FFFFFF	#D3D3D3	91
1471	#FFFFFF	#D3D3D3	91
1472	#FFFFFF	#D3D3D3	91
1473	#FFFFFF	#D3D3D3	222
1474	#FFFFFF	#D3D3D3	222
1475	#FFFFFF	#D3D3D3	222
1478	#FFFFFF	#D3D3D3	1
1489	#FFFFFF	#D3D3D3	91
1500	#FFFFFF	#D3D3D3	91
1511	#FFFFFF	#D3D3D3	91
1512	#FFFFFF	#D3D3D3	91
1513	#FFFFFF	#D3D3D3	222
1514	#FFFFFF	#D3D3D3	222
1515	#FFFFFF	#D3D3D3	222
1516	#FFFFFF	#D3D3D3	1
1517	#FFFFFF	#D3D3D3	91
1518	#FFFFFF	#D3D3D3	1
1519	#FFFFFF	#D3D3D3	222
1520	#FFFFFF	#D3D3D3	91
1521	#FFFFFF	#D3D3D3	91
1522	#FFFFFF	#D3D3D3	91
1523	#FFFFFF	#D3D3D3	91
1524	#FFFFFF	#D3D3D3	222
1525	#FFFFFF	#D3D3D3	222
1526	#FFFFFF	#D3D3D3	222
1529	#FFFFFF	#D3D3D3	91
1540	#FFFFFF	#D3D3D3	91
1551	#FFFFFF	#D3D3D3	222
1561	#FFFFFF	#D3D3D3	222
1562	#FFFFFF	#D3D3D3	91
1563	#FFFFFF	#D3D3D3	222
1564	#FFFFFF	#D3D3D3	222
1565	#FFFFFF	#D3D3D3	222
1566	#FFFFFF	#D3D3D3	1
1567	#FFFFFF	#D3D3D3	1
1568	#FFFFFF	#D3D3D3	91
1569	#FFFFFF	#D3D3D3	222
1570	#FFFFFF	#D3D3D3	222
1571	#FFFFFF	#D3D3D3	91
1572	#FFFFFF	#D3D3D3	91
1573	#FFFFFF	#D3D3D3	91
1574	#FFFFFF	#D3D3D3	91
1575	#FFFFFF	#D3D3D3	222
1576	#FFFFFF	#D3D3D3	222
1577	#FFFFFF	#D3D3D3	222
1579	#FFFFFF	#D3D3D3	1
1590	#FFFFFF	#D3D3D3	91
1601	#FFFFFF	#D3D3D3	91
1612	#FFFFFF	#D3D3D3	222
1613	#FFFFFF	#D3D3D3	222
1614	#FFFFFF	#D3D3D3	222
1615	#FFFFFF	#D3D3D3	222
1616	#FFFFFF	#D3D3D3	222
1617	#FFFFFF	#D3D3D3	91
1618	#FFFFFF	#D3D3D3	1
1619	#FFFFFF	#D3D3D3	1
1620	#FFFFFF	#D3D3D3	222
1621	#FFFFFF	#D3D3D3	222
1622	#FFFFFF	#D3D3D3	91
1623	#FFFFFF	#D3D3D3	91
1624	#FFFFFF	#D3D3D3	91
1625	#FFFFFF	#D3D3D3	91
1626	#FFFFFF	#D3D3D3	222
1627	#FFFFFF	#D3D3D3	222
1628	#FFFFFF	#D3D3D3	222
1630	#FFFFFF	#D3D3D3	1
1641	#FFFFFF	#D3D3D3	91
1652	#FFFFFF	#D3D3D3	91
1662	#FFFFFF	#D3D3D3	222
1663	#FFFFFF	#D3D3D3	222
1664	#FFFFFF	#D3D3D3	222
1665	#FFFFFF	#D3D3D3	222
1666	#FFFFFF	#D3D3D3	222
1667	#FFFFFF	#D3D3D3	91
1668	#FFFFFF	#D3D3D3	91
1669	#FFFFFF	#D3D3D3	1
1670	#FFFFFF	#D3D3D3	222
1671	#FFFFFF	#D3D3D3	222
1672	#FFFFFF	#D3D3D3	91
1673	#FFFFFF	#D3D3D3	91
1674	#FFFFFF	#D3D3D3	222
1675	#FFFFFF	#D3D3D3	91
1676	#FFFFFF	#D3D3D3	91
1677	#FFFFFF	#D3D3D3	222
1678	#FFFFFF	#D3D3D3	222
1679	#FFFFFF	#D3D3D3	222
1680	#FFFFFF	#D3D3D3	1
1691	#FFFFFF	#D3D3D3	91
1702	#FFFFFF	#D3D3D3	91
1713	#FFFFFF	#D3D3D3	222
1714	#FFFFFF	#D3D3D3	222
1715	#FFFFFF	#D3D3D3	222
1716	#FFFFFF	#D3D3D3	222
1717	#FFFFFF	#D3D3D3	222
1718	#FFFFFF	#D3D3D3	91
1719	#FFFFFF	#D3D3D3	91
1720	#FFFFFF	#D3D3D3	1
1721	#FFFFFF	#D3D3D3	222
1722	#FFFFFF	#D3D3D3	222
1723	#FFFFFF	#D3D3D3	222
1724	#FFFFFF	#D3D3D3	91
1725	#FFFFFF	#D3D3D3	222
1726	#FFFFFF	#D3D3D3	91
1727	#FFFFFF	#D3D3D3	91
1728	#FFFFFF	#D3D3D3	222
1729	#FFFFFF	#D3D3D3	91
1730	#FFFFFF	#D3D3D3	222
1731	#FFFFFF	#D3D3D3	91
1742	#FFFFFF	#D3D3D3	91
1753	#FFFFFF	#D3D3D3	91
1763	#FFFFFF	#D3D3D3	91
1764	#FFFFFF	#D3D3D3	91
1765	#FFFFFF	#D3D3D3	222
1766	#FFFFFF	#D3D3D3	222
1767	#FFFFFF	#D3D3D3	222
1768	#FFFFFF	#D3D3D3	91
1769	#FFFFFF	#D3D3D3	91
1770	#FFFFFF	#D3D3D3	91
1771	#FFFFFF	#D3D3D3	222
1772	#FFFFFF	#D3D3D3	222
1773	#FFFFFF	#D3D3D3	222
1774	#FFFFFF	#D3D3D3	222
1775	#FFFFFF	#D3D3D3	91
1776	#FFFFFF	#D3D3D3	222
1777	#FFFFFF	#D3D3D3	91
1778	#FFFFFF	#D3D3D3	91
1779	#FFFFFF	#D3D3D3	91
1780	#FFFFFF	#D3D3D3	91
1781	#FFFFFF	#D3D3D3	91
1782	#FFFFFF	#D3D3D3	222
1792	#FFFFFF	#D3D3D3	91
1803	#FFFFFF	#D3D3D3	91
1814	#FFFFFF	#D3D3D3	91
1815	#FFFFFF	#D3D3D3	91
1816	#FFFFFF	#D3D3D3	91
1817	#FFFFFF	#D3D3D3	222
1818	#FFFFFF	#D3D3D3	91
1819	#FFFFFF	#D3D3D3	91
1820	#FFFFFF	#D3D3D3	91
1821	#FFFFFF	#D3D3D3	91
1822	#FFFFFF	#D3D3D3	222
1823	#FFFFFF	#D3D3D3	222
1824	#FFFFFF	#D3D3D3	222
1825	#FFFFFF	#D3D3D3	222
1826	#FFFFFF	#D3D3D3	222
1827	#FFFFFF	#D3D3D3	91
1828	#FFFFFF	#D3D3D3	91
1829	#FFFFFF	#D3D3D3	91
1830	#FFFFFF	#D3D3D3	222
1831	#FFFFFF	#D3D3D3	222
1832	#FFFFFF	#D3D3D3	91
1833	#FFFFFF	#D3D3D3	222
1843	#FFFFFF	#D3D3D3	91
1854	#FFFFFF	#D3D3D3	91
1864	#FFFFFF	#D3D3D3	91
1865	#FFFFFF	#D3D3D3	91
1866	#FFFFFF	#D3D3D3	91
1867	#FFFFFF	#D3D3D3	91
1868	#FFFFFF	#D3D3D3	222
1869	#FFFFFF	#D3D3D3	91
1870	#FFFFFF	#D3D3D3	91
1871	#FFFFFF	#D3D3D3	91
1872	#FFFFFF	#D3D3D3	91
1873	#FFFFFF	#D3D3D3	222
1874	#FFFFFF	#D3D3D3	222
1875	#FFFFFF	#D3D3D3	222
1876	#FFFFFF	#D3D3D3	222
1877	#FFFFFF	#D3D3D3	91
1878	#FFFFFF	#D3D3D3	91
1879	#FFFFFF	#D3D3D3	91
1880	#FFFFFF	#D3D3D3	91
1881	#FFFFFF	#D3D3D3	222
1882	#FFFFFF	#D3D3D3	91
1883	#FFFFFF	#D3D3D3	222
1884	#FFFFFF	#D3D3D3	222
1893	#FFFFFF	#D3D3D3	91
1904	#FFFFFF	#D3D3D3	91
1915	#FFFFFF	#D3D3D3	91
1916	#FFFFFF	#D3D3D3	91
1917	#FFFFFF	#D3D3D3	91
1918	#FFFFFF	#D3D3D3	91
1919	#FFFFFF	#D3D3D3	222
1920	#FFFFFF	#D3D3D3	91
1921	#FFFFFF	#D3D3D3	91
1922	#FFFFFF	#D3D3D3	91
1923	#FFFFFF	#D3D3D3	91
1924	#FFFFFF	#D3D3D3	222
1925	#FFFFFF	#D3D3D3	222
1926	#FFFFFF	#D3D3D3	222
1927	#FFFFFF	#D3D3D3	91
1928	#FFFFFF	#D3D3D3	91
1929	#FFFFFF	#D3D3D3	91
1930	#FFFFFF	#D3D3D3	91
1931	#FFFFFF	#D3D3D3	222
1932	#FFFFFF	#D3D3D3	222
1933	#FFFFFF	#D3D3D3	91
1934	#FFFFFF	#D3D3D3	222
1935	#FFFFFF	#D3D3D3	222
1944	#FFFFFF	#D3D3D3	91
1955	#FFFFFF	#D3D3D3	91
1965	#FFFFFF	#D3D3D3	91
1966	#FFFFFF	#D3D3D3	396
1967	#FFFFFF	#D3D3D3	91
1968	#FFFFFF	#D3D3D3	91
1969	#FFFFFF	#D3D3D3	91
1970	#FFFFFF	#D3D3D3	91
1971	#FFFFFF	#D3D3D3	91
1972	#FFFFFF	#D3D3D3	91
1973	#FFFFFF	#D3D3D3	91
1974	#FFFFFF	#D3D3D3	222
1975	#FFFFFF	#D3D3D3	222
1976	#FFFFFF	#D3D3D3	222
1977	#FFFFFF	#D3D3D3	222
1978	#FFFFFF	#D3D3D3	222
1979	#FFFFFF	#D3D3D3	91
1980	#FFFFFF	#D3D3D3	91
1981	#FFFFFF	#D3D3D3	91
1982	#FFFFFF	#D3D3D3	91
1983	#FFFFFF	#D3D3D3	91
1984	#FFFFFF	#D3D3D3	222
1985	#FFFFFF	#D3D3D3	222
1986	#FFFFFF	#D3D3D3	222
1994	#FFFFFF	#D3D3D3	91
2005	#FFFFFF	#D3D3D3	91
2016	#FFFFFF	#D3D3D3	91
2017	#FFFFFF	#D3D3D3	396
2018	#FFFFFF	#D3D3D3	91
2019	#FFFFFF	#D3D3D3	91
2020	#FFFFFF	#D3D3D3	91
2021	#FFFFFF	#D3D3D3	91
2022	#FFFFFF	#D3D3D3	91
2023	#FFFFFF	#D3D3D3	91
2024	#FFFFFF	#D3D3D3	222
2025	#FFFFFF	#D3D3D3	222
2026	#FFFFFF	#D3D3D3	222
2027	#FFFFFF	#D3D3D3	222
2028	#FFFFFF	#D3D3D3	222
2029	#FFFFFF	#D3D3D3	222
2030	#FFFFFF	#D3D3D3	91
2031	#FFFFFF	#D3D3D3	91
2032	#FFFFFF	#D3D3D3	91
2033	#FFFFFF	#D3D3D3	91
2034	#FFFFFF	#D3D3D3	91
2035	#FFFFFF	#D3D3D3	222
2036	#FFFFFF	#D3D3D3	222
2037	#FFFFFF	#D3D3D3	222
2045	#FFFFFF	#D3D3D3	396
2056	#FFFFFF	#D3D3D3	91
2066	#FFFFFF	#D3D3D3	396
2067	#FFFFFF	#D3D3D3	91
2068	#FFFFFF	#D3D3D3	91
2069	#FFFFFF	#D3D3D3	91
2070	#FFFFFF	#D3D3D3	91
2071	#FFFFFF	#D3D3D3	91
2072	#FFFFFF	#D3D3D3	91
2073	#FFFFFF	#D3D3D3	91
2074	#FFFFFF	#D3D3D3	91
2075	#FFFFFF	#D3D3D3	222
2076	#FFFFFF	#D3D3D3	222
2077	#FFFFFF	#D3D3D3	222
2078	#FFFFFF	#D3D3D3	222
2079	#FFFFFF	#D3D3D3	222
2080	#FFFFFF	#D3D3D3	91
2081	#FFFFFF	#D3D3D3	91
2082	#FFFFFF	#D3D3D3	91
2083	#FFFFFF	#D3D3D3	91
2084	#FFFFFF	#D3D3D3	91
2085	#FFFFFF	#D3D3D3	91
2086	#FFFFFF	#D3D3D3	222
2087	#FFFFFF	#D3D3D3	222
2088	#FFFFFF	#D3D3D3	222
2095	#FFFFFF	#D3D3D3	396
2106	#FFFFFF	#D3D3D3	396
2117	#FFFFFF	#D3D3D3	396
2118	#FFFFFF	#D3D3D3	396
2119	#FFFFFF	#D3D3D3	91
2120	#FFFFFF	#D3D3D3	91
2121	#FFFFFF	#D3D3D3	91
2122	#FFFFFF	#D3D3D3	91
2123	#FFFFFF	#D3D3D3	91
2124	#FFFFFF	#D3D3D3	91
2125	#FFFFFF	#D3D3D3	91
2126	#FFFFFF	#D3D3D3	91
2127	#FFFFFF	#D3D3D3	222
2128	#FFFFFF	#D3D3D3	222
2129	#FFFFFF	#D3D3D3	222
2130	#FFFFFF	#D3D3D3	222
2131	#FFFFFF	#D3D3D3	91
2132	#FFFFFF	#D3D3D3	91
2133	#FFFFFF	#D3D3D3	91
2134	#FFFFFF	#D3D3D3	91
2135	#FFFFFF	#D3D3D3	396
2136	#FFFFFF	#D3D3D3	91
2137	#FFFFFF	#D3D3D3	222
2138	#FFFFFF	#D3D3D3	222
2139	#FFFFFF	#D3D3D3	222
2146	#FFFFFF	#D3D3D3	396
2157	#FFFFFF	#D3D3D3	396
2167	#FFFFFF	#D3D3D3	396
2168	#FFFFFF	#D3D3D3	91
2169	#FFFFFF	#D3D3D3	91
2170	#FFFFFF	#D3D3D3	91
2171	#FFFFFF	#D3D3D3	91
2172	#FFFFFF	#D3D3D3	91
2173	#FFFFFF	#D3D3D3	91
2174	#FFFFFF	#D3D3D3	91
2175	#FFFFFF	#D3D3D3	91
2176	#FFFFFF	#D3D3D3	91
2177	#FFFFFF	#D3D3D3	91
2178	#FFFFFF	#D3D3D3	222
2179	#FFFFFF	#D3D3D3	222
2180	#FFFFFF	#D3D3D3	222
2181	#FFFFFF	#D3D3D3	222
2182	#FFFFFF	#D3D3D3	222
2183	#FFFFFF	#D3D3D3	91
2184	#FFFFFF	#D3D3D3	91
2185	#FFFFFF	#D3D3D3	91
2186	#FFFFFF	#D3D3D3	91
2187	#FFFFFF	#D3D3D3	91
2188	#FFFFFF	#D3D3D3	91
2189	#FFFFFF	#D3D3D3	91
2190	#FFFFFF	#D3D3D3	222
2196	#FFFFFF	#D3D3D3	396
2207	#FFFFFF	#D3D3D3	396
2218	#FFFFFF	#D3D3D3	396
2219	#FFFFFF	#D3D3D3	91
2220	#FFFFFF	#D3D3D3	91
2221	#FFFFFF	#D3D3D3	91
2222	#FFFFFF	#D3D3D3	91
2223	#FFFFFF	#D3D3D3	91
2224	#FFFFFF	#D3D3D3	91
2225	#FFFFFF	#D3D3D3	91
2226	#FFFFFF	#D3D3D3	91
2227	#FFFFFF	#D3D3D3	91
2228	#FFFFFF	#D3D3D3	91
2229	#FFFFFF	#D3D3D3	222
2230	#FFFFFF	#D3D3D3	222
2231	#FFFFFF	#D3D3D3	222
2232	#FFFFFF	#D3D3D3	222
2233	#FFFFFF	#D3D3D3	222
2234	#FFFFFF	#D3D3D3	91
2235	#FFFFFF	#D3D3D3	91
2236	#FFFFFF	#D3D3D3	396
2237	#FFFFFF	#D3D3D3	91
2238	#FFFFFF	#D3D3D3	91
2239	#FFFFFF	#D3D3D3	91
2240	#FFFFFF	#D3D3D3	222
2241	#FFFFFF	#D3D3D3	91
2247	#FFFFFF	#D3D3D3	396
2258	#FFFFFF	#D3D3D3	396
2268	#FFFFFF	#D3D3D3	396
2269	#FFFFFF	#D3D3D3	91
2270	#FFFFFF	#D3D3D3	91
2271	#FFFFFF	#D3D3D3	91
2272	#FFFFFF	#D3D3D3	91
2374	#FFFFFF	#D3D3D3	91
2375	#FFFFFF	#D3D3D3	91
2376	#FFFFFF	#D3D3D3	91
2377	#FFFFFF	#D3D3D3	91
2378	#FFFFFF	#D3D3D3	91
2379	#FFFFFF	#D3D3D3	91
2380	#FFFFFF	#D3D3D3	222
2381	#FFFFFF	#D3D3D3	222
2382	#FFFFFF	#D3D3D3	222
2383	#FFFFFF	#D3D3D3	222
2384	#FFFFFF	#D3D3D3	222
2385	#FFFFFF	#D3D3D3	222
2386	#FFFFFF	#D3D3D3	91
2387	#FFFFFF	#D3D3D3	396
2388	#FFFFFF	#D3D3D3	91
2389	#FFFFFF	#D3D3D3	91
2390	#FFFFFF	#D3D3D3	91
2391	#FFFFFF	#D3D3D3	222
2392	#FFFFFF	#D3D3D3	91
2393	#FFFFFF	#D3D3D3	91
2398	#FFFFFF	#D3D3D3	396
2409	#FFFFFF	#D3D3D3	396
2420	#FFFFFF	#D3D3D3	396
2421	#FFFFFF	#D3D3D3	396
2422	#FFFFFF	#D3D3D3	91
2423	#FFFFFF	#D3D3D3	91
2424	#FFFFFF	#D3D3D3	91
2425	#FFFFFF	#D3D3D3	91
2426	#FFFFFF	#D3D3D3	91
2427	#FFFFFF	#D3D3D3	396
2428	#FFFFFF	#D3D3D3	91
2429	#FFFFFF	#D3D3D3	91
2430	#FFFFFF	#D3D3D3	91
2431	#FFFFFF	#D3D3D3	222
2432	#FFFFFF	#D3D3D3	222
2433	#FFFFFF	#D3D3D3	222
2434	#FFFFFF	#D3D3D3	222
2435	#FFFFFF	#D3D3D3	222
2436	#FFFFFF	#D3D3D3	222
2437	#FFFFFF	#D3D3D3	91
2438	#FFFFFF	#D3D3D3	396
2439	#FFFFFF	#D3D3D3	91
2440	#FFFFFF	#D3D3D3	91
2441	#FFFFFF	#D3D3D3	91
2442	#FFFFFF	#D3D3D3	222
2443	#FFFFFF	#D3D3D3	91
2444	#FFFFFF	#D3D3D3	91
2449	#FFFFFF	#D3D3D3	396
2460	#FFFFFF	#D3D3D3	396
2470	#FFFFFF	#D3D3D3	396
2471	#FFFFFF	#D3D3D3	91
2472	#FFFFFF	#D3D3D3	396
2473	#FFFFFF	#D3D3D3	91
2474	#FFFFFF	#D3D3D3	91
2475	#FFFFFF	#D3D3D3	91
2476	#FFFFFF	#D3D3D3	91
2477	#FFFFFF	#D3D3D3	396
2478	#FFFFFF	#D3D3D3	91
2479	#FFFFFF	#D3D3D3	91
2480	#FFFFFF	#D3D3D3	91
2481	#FFFFFF	#D3D3D3	91
2482	#FFFFFF	#D3D3D3	222
2483	#FFFFFF	#D3D3D3	222
2484	#FFFFFF	#D3D3D3	222
2485	#FFFFFF	#D3D3D3	222
2486	#FFFFFF	#D3D3D3	222
2487	#FFFFFF	#D3D3D3	222
2488	#FFFFFF	#D3D3D3	396
2489	#FFFFFF	#D3D3D3	91
2490	#FFFFFF	#D3D3D3	91
2491	#FFFFFF	#D3D3D3	91
2492	#FFFFFF	#D3D3D3	91
2493	#FFFFFF	#D3D3D3	91
2494	#FFFFFF	#D3D3D3	91
2495	#FFFFFF	#D3D3D3	91
2499	#FFFFFF	#D3D3D3	396
2510	#FFFFFF	#D3D3D3	396
2521	#FFFFFF	#D3D3D3	396
2522	#FFFFFF	#D3D3D3	396
2523	#FFFFFF	#D3D3D3	396
2524	#FFFFFF	#D3D3D3	91
2525	#FFFFFF	#D3D3D3	91
2526	#FFFFFF	#D3D3D3	91
2527	#FFFFFF	#D3D3D3	396
2528	#FFFFFF	#D3D3D3	396
2529	#FFFFFF	#D3D3D3	91
2530	#FFFFFF	#D3D3D3	91
2531	#FFFFFF	#D3D3D3	91
2532	#FFFFFF	#D3D3D3	222
2533	#FFFFFF	#D3D3D3	222
2534	#FFFFFF	#D3D3D3	222
2535	#FFFFFF	#D3D3D3	222
2536	#FFFFFF	#D3D3D3	222
2537	#FFFFFF	#D3D3D3	222
2538	#FFFFFF	#D3D3D3	222
2539	#FFFFFF	#D3D3D3	396
2540	#FFFFFF	#D3D3D3	91
2541	#FFFFFF	#D3D3D3	91
2542	#FFFFFF	#D3D3D3	91
2543	#FFFFFF	#D3D3D3	91
2544	#FFFFFF	#D3D3D3	91
2545	#FFFFFF	#D3D3D3	91
2546	#FFFFFF	#D3D3D3	91
2550	#FFFFFF	#D3D3D3	396
2561	#FFFFFF	#D3D3D3	396
2571	#FFFFFF	#D3D3D3	396
2572	#FFFFFF	#D3D3D3	396
2573	#FFFFFF	#D3D3D3	396
2574	#FFFFFF	#D3D3D3	396
2575	#FFFFFF	#D3D3D3	91
2576	#FFFFFF	#D3D3D3	91
2577	#FFFFFF	#D3D3D3	396
2578	#FFFFFF	#D3D3D3	396
2579	#FFFFFF	#D3D3D3	91
2580	#FFFFFF	#D3D3D3	91
2581	#FFFFFF	#D3D3D3	91
2582	#FFFFFF	#D3D3D3	91
2583	#FFFFFF	#D3D3D3	222
2584	#FFFFFF	#D3D3D3	222
2585	#FFFFFF	#D3D3D3	222
2586	#FFFFFF	#D3D3D3	222
2587	#FFFFFF	#D3D3D3	222
2588	#FFFFFF	#D3D3D3	222
2589	#FFFFFF	#D3D3D3	396
2590	#FFFFFF	#D3D3D3	222
2591	#FFFFFF	#D3D3D3	91
2592	#FFFFFF	#D3D3D3	91
2593	#FFFFFF	#D3D3D3	91
2594	#FFFFFF	#D3D3D3	91
2595	#FFFFFF	#D3D3D3	91
2596	#FFFFFF	#D3D3D3	91
2597	#FFFFFF	#D3D3D3	91
2600	#FFFFFF	#D3D3D3	396
2611	#FFFFFF	#D3D3D3	396
2622	#FFFFFF	#D3D3D3	396
2623	#FFFFFF	#D3D3D3	396
2624	#FFFFFF	#D3D3D3	396
2625	#FFFFFF	#D3D3D3	396
2626	#FFFFFF	#D3D3D3	91
2627	#FFFFFF	#D3D3D3	396
2628	#FFFFFF	#D3D3D3	396
2629	#FFFFFF	#D3D3D3	396
2630	#FFFFFF	#D3D3D3	91
2631	#FFFFFF	#D3D3D3	91
2632	#FFFFFF	#D3D3D3	91
2633	#FFFFFF	#D3D3D3	91
2634	#FFFFFF	#D3D3D3	91
2635	#FFFFFF	#D3D3D3	222
2636	#FFFFFF	#D3D3D3	222
2637	#FFFFFF	#D3D3D3	222
2638	#FFFFFF	#D3D3D3	222
2639	#FFFFFF	#D3D3D3	222
2640	#FFFFFF	#D3D3D3	396
2641	#FFFFFF	#D3D3D3	91
2642	#FFFFFF	#D3D3D3	91
2643	#FFFFFF	#D3D3D3	91
2644	#FFFFFF	#D3D3D3	91
2645	#FFFFFF	#D3D3D3	91
2646	#FFFFFF	#D3D3D3	91
2647	#FFFFFF	#D3D3D3	91
2648	#FFFFFF	#D3D3D3	91
2651	#FFFFFF	#D3D3D3	396
2662	#FFFFFF	#D3D3D3	396
2672	#FFFFFF	#D3D3D3	396
2673	#FFFFFF	#D3D3D3	396
2674	#FFFFFF	#D3D3D3	396
2675	#FFFFFF	#D3D3D3	91
2676	#FFFFFF	#D3D3D3	91
2677	#FFFFFF	#D3D3D3	396
2678	#FFFFFF	#D3D3D3	396
2679	#FFFFFF	#D3D3D3	396
2680	#FFFFFF	#D3D3D3	91
2681	#FFFFFF	#D3D3D3	91
2682	#FFFFFF	#D3D3D3	91
2683	#FFFFFF	#D3D3D3	91
2684	#FFFFFF	#D3D3D3	91
2685	#FFFFFF	#D3D3D3	91
2686	#FFFFFF	#D3D3D3	222
2687	#FFFFFF	#D3D3D3	222
2688	#FFFFFF	#D3D3D3	222
2689	#FFFFFF	#D3D3D3	222
2690	#FFFFFF	#D3D3D3	396
2691	#FFFFFF	#D3D3D3	91
2692	#FFFFFF	#D3D3D3	222
2693	#FFFFFF	#D3D3D3	91
2694	#FFFFFF	#D3D3D3	91
2695	#FFFFFF	#D3D3D3	91
2696	#FFFFFF	#D3D3D3	91
2697	#FFFFFF	#D3D3D3	91
2698	#FFFFFF	#D3D3D3	91
2699	#FFFFFF	#D3D3D3	91
2701	#FFFFFF	#D3D3D3	396
2712	#FFFFFF	#D3D3D3	396
2723	#FFFFFF	#D3D3D3	396
2724	#FFFFFF	#D3D3D3	396
2725	#FFFFFF	#D3D3D3	396
2726	#FFFFFF	#D3D3D3	396
2727	#FFFFFF	#D3D3D3	396
2728	#FFFFFF	#D3D3D3	396
2729	#FFFFFF	#D3D3D3	396
2730	#FFFFFF	#D3D3D3	396
2731	#FFFFFF	#D3D3D3	91
2732	#FFFFFF	#D3D3D3	396
2733	#FFFFFF	#D3D3D3	91
2734	#FFFFFF	#D3D3D3	91
2735	#FFFFFF	#D3D3D3	91
2736	#FFFFFF	#D3D3D3	222
2737	#FFFFFF	#D3D3D3	91
2738	#FFFFFF	#D3D3D3	222
2739	#FFFFFF	#D3D3D3	222
2740	#FFFFFF	#D3D3D3	222
2741	#FFFFFF	#D3D3D3	396
2742	#FFFFFF	#D3D3D3	222
2743	#FFFFFF	#D3D3D3	222
2744	#FFFFFF	#D3D3D3	91
2745	#FFFFFF	#D3D3D3	91
2746	#FFFFFF	#D3D3D3	91
2747	#FFFFFF	#D3D3D3	91
2748	#FFFFFF	#D3D3D3	91
2749	#FFFFFF	#D3D3D3	91
2750	#FFFFFF	#D3D3D3	91
2752	#FFFFFF	#D3D3D3	396
2763	#FFFFFF	#D3D3D3	396
2773	#FFFFFF	#D3D3D3	396
2774	#FFFFFF	#D3D3D3	396
2775	#FFFFFF	#D3D3D3	396
2776	#FFFFFF	#D3D3D3	396
2777	#FFFFFF	#D3D3D3	396
2778	#FFFFFF	#D3D3D3	396
2779	#FFFFFF	#D3D3D3	396
2780	#FFFFFF	#D3D3D3	396
2781	#FFFFFF	#D3D3D3	396
2782	#FFFFFF	#D3D3D3	396
2783	#FFFFFF	#D3D3D3	91
2784	#FFFFFF	#D3D3D3	91
2785	#FFFFFF	#D3D3D3	91
2786	#FFFFFF	#D3D3D3	222
2787	#FFFFFF	#D3D3D3	91
2788	#FFFFFF	#D3D3D3	222
2789	#FFFFFF	#D3D3D3	222
2790	#FFFFFF	#D3D3D3	222
2791	#FFFFFF	#D3D3D3	396
2792	#FFFFFF	#D3D3D3	222
2793	#FFFFFF	#D3D3D3	222
2794	#FFFFFF	#D3D3D3	91
2795	#FFFFFF	#D3D3D3	91
2796	#FFFFFF	#D3D3D3	91
2797	#FFFFFF	#D3D3D3	91
2798	#FFFFFF	#D3D3D3	91
2799	#FFFFFF	#D3D3D3	91
2800	#FFFFFF	#D3D3D3	91
2801	#FFFFFF	#D3D3D3	91
2802	#FFFFFF	#D3D3D3	396
2813	#FFFFFF	#D3D3D3	396
2824	#FFFFFF	#D3D3D3	396
2825	#FFFFFF	#D3D3D3	396
2826	#FFFFFF	#D3D3D3	396
2827	#FFFFFF	#D3D3D3	396
2828	#FFFFFF	#D3D3D3	396
2829	#FFFFFF	#D3D3D3	396
2830	#FFFFFF	#D3D3D3	396
2831	#FFFFFF	#D3D3D3	396
2832	#FFFFFF	#D3D3D3	396
2833	#FFFFFF	#D3D3D3	91
2834	#FFFFFF	#D3D3D3	91
2835	#FFFFFF	#D3D3D3	91
2836	#FFFFFF	#D3D3D3	91
2837	#FFFFFF	#D3D3D3	222
2838	#FFFFFF	#D3D3D3	91
2839	#FFFFFF	#D3D3D3	222
2840	#FFFFFF	#D3D3D3	222
2841	#FFFFFF	#D3D3D3	222
2842	#FFFFFF	#D3D3D3	396
2843	#FFFFFF	#D3D3D3	222
2844	#FFFFFF	#D3D3D3	91
2845	#FFFFFF	#D3D3D3	91
2846	#FFFFFF	#D3D3D3	91
2847	#FFFFFF	#D3D3D3	91
2848	#FFFFFF	#D3D3D3	91
2849	#FFFFFF	#D3D3D3	91
2850	#FFFFFF	#D3D3D3	91
2851	#FFFFFF	#D3D3D3	91
2852	#FFFFFF	#D3D3D3	91
2853	#FFFFFF	#D3D3D3	396
2864	#FFFFFF	#D3D3D3	396
2874	#FFFFFF	#D3D3D3	396
2875	#FFFFFF	#D3D3D3	396
2876	#FFFFFF	#D3D3D3	396
2877	#FFFFFF	#D3D3D3	396
2878	#FFFFFF	#D3D3D3	396
2879	#FFFFFF	#D3D3D3	91
2880	#FFFFFF	#D3D3D3	91
2881	#FFFFFF	#D3D3D3	396
2882	#FFFFFF	#D3D3D3	396
2883	#FFFFFF	#D3D3D3	396
2884	#FFFFFF	#D3D3D3	91
2885	#FFFFFF	#D3D3D3	91
2886	#FFFFFF	#D3D3D3	91
2887	#FFFFFF	#D3D3D3	91
2888	#FFFFFF	#D3D3D3	91
2889	#FFFFFF	#D3D3D3	222
2890	#FFFFFF	#D3D3D3	222
2891	#FFFFFF	#D3D3D3	222
2892	#FFFFFF	#D3D3D3	396
2893	#FFFFFF	#D3D3D3	91
2894	#FFFFFF	#D3D3D3	91
2895	#FFFFFF	#D3D3D3	91
2896	#FFFFFF	#D3D3D3	91
2897	#FFFFFF	#D3D3D3	91
2898	#FFFFFF	#D3D3D3	91
2899	#FFFFFF	#D3D3D3	91
2900	#FFFFFF	#D3D3D3	91
2901	#FFFFFF	#D3D3D3	91
2902	#FFFFFF	#D3D3D3	91
2903	#FFFFFF	#D3D3D3	396
2904	#FFFFFF	#D3D3D3	91
2914	#FFFFFF	#D3D3D3	396
2925	#FFFFFF	#D3D3D3	396
2926	#FFFFFF	#D3D3D3	396
2927	#FFFFFF	#D3D3D3	396
2928	#FFFFFF	#D3D3D3	396
2929	#FFFFFF	#D3D3D3	396
2930	#FFFFFF	#D3D3D3	91
2931	#FFFFFF	#D3D3D3	91
2932	#FFFFFF	#D3D3D3	396
2933	#FFFFFF	#D3D3D3	396
2934	#FFFFFF	#D3D3D3	91
2935	#FFFFFF	#D3D3D3	91
2936	#FFFFFF	#D3D3D3	91
2937	#FFFFFF	#D3D3D3	91
2938	#FFFFFF	#D3D3D3	91
2939	#FFFFFF	#D3D3D3	222
2940	#FFFFFF	#D3D3D3	222
2941	#FFFFFF	#D3D3D3	222
2942	#FFFFFF	#D3D3D3	222
2943	#FFFFFF	#D3D3D3	396
2944	#FFFFFF	#D3D3D3	91
2945	#FFFFFF	#D3D3D3	91
2946	#FFFFFF	#D3D3D3	91
2947	#FFFFFF	#D3D3D3	91
2948	#FFFFFF	#D3D3D3	91
2949	#FFFFFF	#D3D3D3	91
2950	#FFFFFF	#D3D3D3	91
2951	#FFFFFF	#D3D3D3	91
2952	#FFFFFF	#D3D3D3	91
2953	#FFFFFF	#D3D3D3	91
2954	#FFFFFF	#D3D3D3	396
2955	#FFFFFF	#D3D3D3	91
2965	#FFFFFF	#D3D3D3	396
2975	#FFFFFF	#D3D3D3	396
2976	#FFFFFF	#D3D3D3	396
2977	#FFFFFF	#D3D3D3	396
2978	#FFFFFF	#D3D3D3	396
2979	#FFFFFF	#D3D3D3	396
2980	#FFFFFF	#D3D3D3	91
2981	#FFFFFF	#D3D3D3	91
2982	#FFFFFF	#D3D3D3	91
2983	#FFFFFF	#D3D3D3	396
2984	#FFFFFF	#D3D3D3	396
2985	#FFFFFF	#D3D3D3	91
2986	#FFFFFF	#D3D3D3	91
2987	#FFFFFF	#D3D3D3	91
2988	#FFFFFF	#D3D3D3	91
2989	#FFFFFF	#D3D3D3	222
2990	#FFFFFF	#D3D3D3	222
2991	#FFFFFF	#D3D3D3	222
2992	#FFFFFF	#D3D3D3	222
2993	#FFFFFF	#D3D3D3	396
2994	#FFFFFF	#D3D3D3	91
2995	#FFFFFF	#D3D3D3	91
2996	#FFFFFF	#D3D3D3	91
2997	#FFFFFF	#D3D3D3	91
2998	#FFFFFF	#D3D3D3	91
2999	#FFFFFF	#D3D3D3	91
3000	#FFFFFF	#D3D3D3	91
3001	#FFFFFF	#D3D3D3	91
3002	#FFFFFF	#D3D3D3	91
3003	#FFFFFF	#D3D3D3	91
3004	#FFFFFF	#D3D3D3	396
3005	#FFFFFF	#D3D3D3	91
3006	#FFFFFF	#D3D3D3	91
3015	#FFFFFF	#D3D3D3	396
3026	#FFFFFF	#D3D3D3	396
3027	#FFFFFF	#D3D3D3	396
3028	#FFFFFF	#D3D3D3	396
3029	#FFFFFF	#D3D3D3	396
3030	#FFFFFF	#D3D3D3	396
3031	#FFFFFF	#D3D3D3	91
3032	#FFFFFF	#D3D3D3	91
3033	#FFFFFF	#D3D3D3	91
3034	#FFFFFF	#D3D3D3	396
3035	#FFFFFF	#D3D3D3	396
3036	#FFFFFF	#D3D3D3	91
3037	#FFFFFF	#D3D3D3	91
3038	#FFFFFF	#D3D3D3	91
3039	#FFFFFF	#D3D3D3	91
3040	#FFFFFF	#D3D3D3	222
3041	#FFFFFF	#D3D3D3	222
3042	#FFFFFF	#D3D3D3	91
3043	#FFFFFF	#D3D3D3	91
3044	#FFFFFF	#D3D3D3	396
3045	#FFFFFF	#D3D3D3	91
3046	#FFFFFF	#D3D3D3	91
3047	#FFFFFF	#D3D3D3	91
3048	#FFFFFF	#D3D3D3	91
3049	#FFFFFF	#D3D3D3	91
3050	#FFFFFF	#D3D3D3	91
3051	#FFFFFF	#D3D3D3	91
3052	#FFFFFF	#D3D3D3	91
3053	#FFFFFF	#D3D3D3	91
3054	#FFFFFF	#D3D3D3	91
3055	#FFFFFF	#D3D3D3	396
3056	#FFFFFF	#D3D3D3	91
3057	#FFFFFF	#D3D3D3	91
3066	#FFFFFF	#D3D3D3	396
3076	#FFFFFF	#D3D3D3	396
3077	#FFFFFF	#D3D3D3	396
3078	#FFFFFF	#D3D3D3	396
3079	#FFFFFF	#D3D3D3	396
3080	#FFFFFF	#D3D3D3	396
3081	#FFFFFF	#D3D3D3	91
3082	#FFFFFF	#D3D3D3	91
3083	#FFFFFF	#D3D3D3	91
3084	#FFFFFF	#D3D3D3	396
3085	#FFFFFF	#D3D3D3	396
3086	#FFFFFF	#D3D3D3	396
3087	#FFFFFF	#D3D3D3	91
3088	#FFFFFF	#D3D3D3	396
3089	#FFFFFF	#D3D3D3	91
3090	#FFFFFF	#D3D3D3	91
3091	#FFFFFF	#D3D3D3	222
3092	#FFFFFF	#D3D3D3	91
3093	#FFFFFF	#D3D3D3	91
3094	#FFFFFF	#D3D3D3	91
3095	#FFFFFF	#D3D3D3	91
3096	#FFFFFF	#D3D3D3	91
3097	#FFFFFF	#D3D3D3	91
3098	#FFFFFF	#D3D3D3	91
3099	#FFFFFF	#D3D3D3	91
3100	#FFFFFF	#D3D3D3	91
3101	#FFFFFF	#D3D3D3	91
3102	#FFFFFF	#D3D3D3	91
3103	#FFFFFF	#D3D3D3	91
3104	#FFFFFF	#D3D3D3	91
3105	#FFFFFF	#D3D3D3	396
3106	#FFFFFF	#D3D3D3	91
3107	#FFFFFF	#D3D3D3	91
3108	#FFFFFF	#D3D3D3	91
3116	#FFFFFF	#D3D3D3	396
3127	#FFFFFF	#D3D3D3	396
3128	#FFFFFF	#D3D3D3	396
3129	#FFFFFF	#D3D3D3	396
3130	#FFFFFF	#D3D3D3	396
3131	#FFFFFF	#D3D3D3	396
3132	#FFFFFF	#D3D3D3	91
3133	#FFFFFF	#D3D3D3	91
3134	#FFFFFF	#D3D3D3	91
3135	#FFFFFF	#D3D3D3	396
3136	#FFFFFF	#D3D3D3	396
3137	#FFFFFF	#D3D3D3	91
3138	#FFFFFF	#D3D3D3	91
3139	#FFFFFF	#D3D3D3	396
3140	#FFFFFF	#D3D3D3	91
3141	#FFFFFF	#D3D3D3	91
3142	#FFFFFF	#D3D3D3	91
3143	#FFFFFF	#D3D3D3	91
3144	#FFFFFF	#D3D3D3	91
3145	#FFFFFF	#D3D3D3	91
3146	#FFFFFF	#D3D3D3	91
3147	#FFFFFF	#D3D3D3	91
3148	#FFFFFF	#D3D3D3	91
3149	#FFFFFF	#D3D3D3	91
3150	#FFFFFF	#D3D3D3	91
3151	#FFFFFF	#D3D3D3	91
3152	#FFFFFF	#D3D3D3	91
3153	#FFFFFF	#D3D3D3	91
3154	#FFFFFF	#D3D3D3	91
3155	#FFFFFF	#D3D3D3	91
3156	#FFFFFF	#D3D3D3	396
3157	#FFFFFF	#D3D3D3	91
3158	#FFFFFF	#D3D3D3	91
3159	#FFFFFF	#D3D3D3	91
3167	#FFFFFF	#D3D3D3	396
3177	#FFFFFF	#D3D3D3	396
3178	#FFFFFF	#D3D3D3	396
3179	#FFFFFF	#D3D3D3	396
3180	#FFFFFF	#D3D3D3	396
3181	#FFFFFF	#D3D3D3	396
3182	#FFFFFF	#D3D3D3	91
3183	#FFFFFF	#D3D3D3	91
3184	#FFFFFF	#D3D3D3	91
3185	#FFFFFF	#D3D3D3	396
3186	#FFFFFF	#D3D3D3	396
3187	#FFFFFF	#D3D3D3	91
3188	#FFFFFF	#D3D3D3	91
3189	#FFFFFF	#D3D3D3	396
3190	#FFFFFF	#D3D3D3	396
3191	#FFFFFF	#D3D3D3	91
3192	#FFFFFF	#D3D3D3	91
3193	#FFFFFF	#D3D3D3	91
3194	#FFFFFF	#D3D3D3	91
3195	#FFFFFF	#D3D3D3	91
3196	#FFFFFF	#D3D3D3	91
3197	#FFFFFF	#D3D3D3	91
3198	#FFFFFF	#D3D3D3	91
3199	#FFFFFF	#D3D3D3	91
3200	#FFFFFF	#D3D3D3	91
3201	#FFFFFF	#D3D3D3	91
3202	#FFFFFF	#D3D3D3	91
3203	#FFFFFF	#D3D3D3	91
3204	#FFFFFF	#D3D3D3	91
3205	#FFFFFF	#D3D3D3	91
3206	#FFFFFF	#D3D3D3	91
3207	#FFFFFF	#D3D3D3	91
3208	#FFFFFF	#D3D3D3	91
3209	#FFFFFF	#D3D3D3	91
3210	#FFFFFF	#D3D3D3	91
3217	#FFFFFF	#D3D3D3	396
3228	#FFFFFF	#D3D3D3	396
3229	#FFFFFF	#D3D3D3	396
3230	#FFFFFF	#D3D3D3	396
3231	#FFFFFF	#D3D3D3	396
3232	#FFFFFF	#D3D3D3	396
3233	#FFFFFF	#D3D3D3	91
3234	#FFFFFF	#D3D3D3	91
3235	#FFFFFF	#D3D3D3	91
3236	#FFFFFF	#D3D3D3	396
3237	#FFFFFF	#D3D3D3	396
3238	#FFFFFF	#D3D3D3	91
3239	#FFFFFF	#D3D3D3	396
3240	#FFFFFF	#D3D3D3	396
3241	#FFFFFF	#D3D3D3	91
3242	#FFFFFF	#D3D3D3	91
3243	#FFFFFF	#D3D3D3	91
3244	#FFFFFF	#D3D3D3	91
3245	#FFFFFF	#D3D3D3	91
3246	#FFFFFF	#D3D3D3	91
3247	#FFFFFF	#D3D3D3	91
3248	#FFFFFF	#D3D3D3	91
3249	#FFFFFF	#D3D3D3	91
3250	#FFFFFF	#D3D3D3	91
3251	#FFFFFF	#D3D3D3	91
3252	#FFFFFF	#D3D3D3	91
3253	#FFFFFF	#D3D3D3	91
3254	#FFFFFF	#D3D3D3	91
3255	#FFFFFF	#D3D3D3	91
3256	#FFFFFF	#D3D3D3	91
3257	#FFFFFF	#D3D3D3	396
3258	#FFFFFF	#D3D3D3	91
3259	#FFFFFF	#D3D3D3	91
3260	#FFFFFF	#D3D3D3	91
3261	#FFFFFF	#D3D3D3	91
3268	#FFFFFF	#D3D3D3	396
3278	#FFFFFF	#D3D3D3	396
3279	#FFFFFF	#D3D3D3	396
3280	#FFFFFF	#D3D3D3	396
3281	#FFFFFF	#D3D3D3	396
3282	#FFFFFF	#D3D3D3	396
3283	#FFFFFF	#D3D3D3	91
3284	#FFFFFF	#D3D3D3	91
3285	#FFFFFF	#D3D3D3	91
3286	#FFFFFF	#D3D3D3	396
3287	#FFFFFF	#D3D3D3	396
3288	#FFFFFF	#D3D3D3	91
3289	#FFFFFF	#D3D3D3	396
3290	#FFFFFF	#D3D3D3	396
3291	#FFFFFF	#D3D3D3	91
3292	#FFFFFF	#D3D3D3	91
3293	#FFFFFF	#D3D3D3	91
3294	#FFFFFF	#D3D3D3	91
3295	#FFFFFF	#D3D3D3	91
3296	#FFFFFF	#D3D3D3	91
3297	#FFFFFF	#D3D3D3	91
3298	#FFFFFF	#D3D3D3	91
3299	#FFFFFF	#D3D3D3	91
3300	#FFFFFF	#D3D3D3	91
3301	#FFFFFF	#D3D3D3	91
3302	#FFFFFF	#D3D3D3	91
3303	#FFFFFF	#D3D3D3	91
3304	#FFFFFF	#D3D3D3	91
3305	#FFFFFF	#D3D3D3	91
3306	#FFFFFF	#D3D3D3	91
3307	#FFFFFF	#D3D3D3	91
3308	#FFFFFF	#D3D3D3	91
3309	#FFFFFF	#D3D3D3	91
3310	#FFFFFF	#D3D3D3	91
3311	#FFFFFF	#D3D3D3	91
3312	#FFFFFF	#D3D3D3	91
3318	#FFFFFF	#D3D3D3	91
3329	#FFFFFF	#D3D3D3	396
3330	#FFFFFF	#D3D3D3	396
3331	#FFFFFF	#D3D3D3	396
3332	#FFFFFF	#D3D3D3	396
3333	#FFFFFF	#D3D3D3	396
3334	#FFFFFF	#D3D3D3	91
3335	#FFFFFF	#D3D3D3	91
3336	#FFFFFF	#D3D3D3	91
3337	#FFFFFF	#D3D3D3	396
3338	#FFFFFF	#D3D3D3	396
3339	#FFFFFF	#D3D3D3	91
3340	#FFFFFF	#D3D3D3	396
3341	#FFFFFF	#D3D3D3	396
3342	#FFFFFF	#D3D3D3	396
3343	#FFFFFF	#D3D3D3	91
3344	#FFFFFF	#D3D3D3	91
3345	#FFFFFF	#D3D3D3	91
3346	#FFFFFF	#D3D3D3	91
3347	#FFFFFF	#D3D3D3	91
3348	#FFFFFF	#D3D3D3	91
3349	#FFFFFF	#D3D3D3	91
3350	#FFFFFF	#D3D3D3	91
3351	#FFFFFF	#D3D3D3	91
3352	#FFFFFF	#D3D3D3	91
3353	#FFFFFF	#D3D3D3	91
3354	#FFFFFF	#D3D3D3	91
3355	#FFFFFF	#D3D3D3	91
3356	#FFFFFF	#D3D3D3	91
3357	#FFFFFF	#D3D3D3	91
3358	#FFFFFF	#D3D3D3	91
3359	#FFFFFF	#D3D3D3	91
3360	#FFFFFF	#D3D3D3	91
3361	#FFFFFF	#D3D3D3	91
3362	#FFFFFF	#D3D3D3	91
3363	#FFFFFF	#D3D3D3	91
3369	#FFFFFF	#D3D3D3	91
3379	#FFFFFF	#D3D3D3	396
3380	#FFFFFF	#D3D3D3	396
3381	#FFFFFF	#D3D3D3	396
3382	#FFFFFF	#D3D3D3	396
3383	#FFFFFF	#D3D3D3	396
3384	#FFFFFF	#D3D3D3	91
3435	#FFFFFF	#D3D3D3	91
3485	#FFFFFF	#D3D3D3	91
3486	#FFFFFF	#D3D3D3	91
3487	#FFFFFF	#D3D3D3	91
3488	#FFFFFF	#D3D3D3	396
3489	#FFFFFF	#D3D3D3	396
3490	#FFFFFF	#D3D3D3	396
3491	#FFFFFF	#D3D3D3	91
3492	#FFFFFF	#D3D3D3	396
3493	#FFFFFF	#D3D3D3	396
3494	#FFFFFF	#D3D3D3	91
3495	#FFFFFF	#D3D3D3	91
3496	#FFFFFF	#D3D3D3	91
3497	#FFFFFF	#D3D3D3	91
3498	#FFFFFF	#D3D3D3	91
3499	#FFFFFF	#D3D3D3	91
3500	#FFFFFF	#D3D3D3	91
3501	#FFFFFF	#D3D3D3	91
3502	#FFFFFF	#D3D3D3	91
3503	#FFFFFF	#D3D3D3	91
3504	#FFFFFF	#D3D3D3	91
3505	#FFFFFF	#D3D3D3	91
3506	#FFFFFF	#D3D3D3	91
3507	#FFFFFF	#D3D3D3	91
3508	#FFFFFF	#D3D3D3	91
3509	#FFFFFF	#D3D3D3	91
3510	#FFFFFF	#D3D3D3	91
3511	#FFFFFF	#D3D3D3	91
3512	#FFFFFF	#D3D3D3	91
3513	#FFFFFF	#D3D3D3	91
3514	#FFFFFF	#D3D3D3	91
3515	#FFFFFF	#D3D3D3	91
3520	#FFFFFF	#D3D3D3	91
3531	#FFFFFF	#D3D3D3	91
3532	#FFFFFF	#D3D3D3	396
3533	#FFFFFF	#D3D3D3	396
3534	#FFFFFF	#D3D3D3	396
3535	#FFFFFF	#D3D3D3	396
3536	#FFFFFF	#D3D3D3	91
3537	#FFFFFF	#D3D3D3	91
3538	#FFFFFF	#D3D3D3	91
3539	#FFFFFF	#D3D3D3	396
3540	#FFFFFF	#D3D3D3	396
3541	#FFFFFF	#D3D3D3	91
3542	#FFFFFF	#D3D3D3	396
3543	#FFFFFF	#D3D3D3	396
3544	#FFFFFF	#D3D3D3	396
3545	#FFFFFF	#D3D3D3	91
3546	#FFFFFF	#D3D3D3	91
3547	#FFFFFF	#D3D3D3	91
3548	#FFFFFF	#D3D3D3	91
3549	#FFFFFF	#D3D3D3	91
3550	#FFFFFF	#D3D3D3	91
3551	#FFFFFF	#D3D3D3	91
3552	#FFFFFF	#D3D3D3	91
3553	#FFFFFF	#D3D3D3	91
3554	#FFFFFF	#D3D3D3	91
3555	#FFFFFF	#D3D3D3	91
3556	#FFFFFF	#D3D3D3	91
3557	#FFFFFF	#D3D3D3	91
3558	#FFFFFF	#D3D3D3	91
3559	#FFFFFF	#D3D3D3	91
3560	#FFFFFF	#D3D3D3	91
3561	#FFFFFF	#D3D3D3	91
3562	#FFFFFF	#D3D3D3	91
3563	#FFFFFF	#D3D3D3	91
3564	#FFFFFF	#D3D3D3	91
3565	#FFFFFF	#D3D3D3	91
3566	#FFFFFF	#D3D3D3	91
3571	#FFFFFF	#D3D3D3	91
3581	#FFFFFF	#D3D3D3	91
3582	#FFFFFF	#D3D3D3	396
3583	#FFFFFF	#D3D3D3	396
3584	#FFFFFF	#D3D3D3	396
3585	#FFFFFF	#D3D3D3	396
3586	#FFFFFF	#D3D3D3	91
3587	#FFFFFF	#D3D3D3	91
3588	#FFFFFF	#D3D3D3	91
3589	#FFFFFF	#D3D3D3	396
3590	#FFFFFF	#D3D3D3	396
3591	#FFFFFF	#D3D3D3	396
3592	#FFFFFF	#D3D3D3	91
3593	#FFFFFF	#D3D3D3	396
3594	#FFFFFF	#D3D3D3	91
3595	#FFFFFF	#D3D3D3	396
3596	#FFFFFF	#D3D3D3	91
3597	#FFFFFF	#D3D3D3	91
3598	#FFFFFF	#D3D3D3	91
3599	#FFFFFF	#D3D3D3	91
3600	#FFFFFF	#D3D3D3	91
3601	#FFFFFF	#D3D3D3	91
3602	#FFFFFF	#D3D3D3	91
3603	#FFFFFF	#D3D3D3	91
3604	#FFFFFF	#D3D3D3	91
3605	#FFFFFF	#D3D3D3	91
3606	#FFFFFF	#D3D3D3	91
3607	#FFFFFF	#D3D3D3	91
3608	#FFFFFF	#D3D3D3	91
3609	#FFFFFF	#D3D3D3	91
3610	#FFFFFF	#D3D3D3	91
3611	#FFFFFF	#D3D3D3	91
3612	#FFFFFF	#D3D3D3	91
3613	#FFFFFF	#D3D3D3	91
3614	#FFFFFF	#D3D3D3	91
3615	#FFFFFF	#D3D3D3	91
3616	#FFFFFF	#D3D3D3	91
3617	#FFFFFF	#D3D3D3	91
3621	#FFFFFF	#D3D3D3	91
3632	#FFFFFF	#D3D3D3	91
3633	#FFFFFF	#D3D3D3	91
3634	#FFFFFF	#D3D3D3	91
3635	#FFFFFF	#D3D3D3	396
3636	#FFFFFF	#D3D3D3	396
3637	#FFFFFF	#D3D3D3	91
3638	#FFFFFF	#D3D3D3	91
3639	#FFFFFF	#D3D3D3	91
3640	#FFFFFF	#D3D3D3	396
3641	#FFFFFF	#D3D3D3	396
3642	#FFFFFF	#D3D3D3	396
3643	#FFFFFF	#D3D3D3	396
3644	#FFFFFF	#D3D3D3	91
3645	#FFFFFF	#D3D3D3	396
3646	#FFFFFF	#D3D3D3	91
3647	#FFFFFF	#D3D3D3	91
3648	#FFFFFF	#D3D3D3	91
3649	#FFFFFF	#D3D3D3	91
3650	#FFFFFF	#D3D3D3	91
3651	#FFFFFF	#D3D3D3	91
3652	#FFFFFF	#D3D3D3	91
3653	#FFFFFF	#D3D3D3	91
3654	#FFFFFF	#D3D3D3	91
3655	#FFFFFF	#D3D3D3	91
3656	#FFFFFF	#D3D3D3	91
3657	#FFFFFF	#D3D3D3	91
3658	#FFFFFF	#D3D3D3	91
3659	#FFFFFF	#D3D3D3	91
3660	#FFFFFF	#D3D3D3	91
3661	#FFFFFF	#D3D3D3	91
3662	#FFFFFF	#D3D3D3	91
3663	#FFFFFF	#D3D3D3	91
3664	#FFFFFF	#D3D3D3	91
3665	#FFFFFF	#D3D3D3	91
3666	#FFFFFF	#D3D3D3	91
3667	#FFFFFF	#D3D3D3	91
3668	#FFFFFF	#D3D3D3	91
3672	#FFFFFF	#D3D3D3	91
3682	#FFFFFF	#D3D3D3	91
3683	#FFFFFF	#D3D3D3	91
3684	#FFFFFF	#D3D3D3	396
3685	#FFFFFF	#D3D3D3	396
3686	#FFFFFF	#D3D3D3	396
3687	#FFFFFF	#D3D3D3	91
3688	#FFFFFF	#D3D3D3	91
3689	#FFFFFF	#D3D3D3	91
3690	#FFFFFF	#D3D3D3	396
3691	#FFFFFF	#D3D3D3	396
3692	#FFFFFF	#D3D3D3	396
3693	#FFFFFF	#D3D3D3	396
3694	#FFFFFF	#D3D3D3	91
3695	#FFFFFF	#D3D3D3	91
3696	#FFFFFF	#D3D3D3	91
3697	#FFFFFF	#D3D3D3	91
3698	#FFFFFF	#D3D3D3	91
3699	#FFFFFF	#D3D3D3	91
3700	#FFFFFF	#D3D3D3	91
3701	#FFFFFF	#D3D3D3	91
3702	#FFFFFF	#D3D3D3	91
3703	#FFFFFF	#D3D3D3	91
3704	#FFFFFF	#D3D3D3	91
3705	#FFFFFF	#D3D3D3	91
3706	#FFFFFF	#D3D3D3	91
3707	#FFFFFF	#D3D3D3	91
3708	#FFFFFF	#D3D3D3	91
3709	#FFFFFF	#D3D3D3	91
3710	#FFFFFF	#D3D3D3	91
3711	#FFFFFF	#D3D3D3	91
3712	#FFFFFF	#D3D3D3	91
3713	#FFFFFF	#D3D3D3	91
3714	#FFFFFF	#D3D3D3	91
3715	#FFFFFF	#D3D3D3	91
3716	#FFFFFF	#D3D3D3	91
3717	#FFFFFF	#D3D3D3	91
3718	#FFFFFF	#D3D3D3	91
3719	#FFFFFF	#D3D3D3	91
3722	#FFFFFF	#D3D3D3	91
3733	#FFFFFF	#D3D3D3	91
3734	#FFFFFF	#D3D3D3	91
3735	#FFFFFF	#D3D3D3	91
3736	#FFFFFF	#D3D3D3	396
3737	#FFFFFF	#D3D3D3	396
3738	#FFFFFF	#D3D3D3	91
3739	#FFFFFF	#D3D3D3	91
3740	#FFFFFF	#D3D3D3	91
3741	#FFFFFF	#D3D3D3	396
3742	#FFFFFF	#D3D3D3	396
3743	#FFFFFF	#D3D3D3	396
3744	#FFFFFF	#D3D3D3	91
3745	#FFFFFF	#D3D3D3	91
3746	#FFFFFF	#D3D3D3	91
3747	#FFFFFF	#D3D3D3	91
3748	#FFFFFF	#D3D3D3	91
3749	#FFFFFF	#D3D3D3	91
3750	#FFFFFF	#D3D3D3	91
3751	#FFFFFF	#D3D3D3	91
3752	#FFFFFF	#D3D3D3	91
3753	#FFFFFF	#D3D3D3	91
3754	#FFFFFF	#D3D3D3	91
3755	#FFFFFF	#D3D3D3	91
3756	#FFFFFF	#D3D3D3	91
3757	#FFFFFF	#D3D3D3	91
3758	#FFFFFF	#D3D3D3	91
3759	#FFFFFF	#D3D3D3	91
3760	#FFFFFF	#D3D3D3	91
3761	#FFFFFF	#D3D3D3	91
3762	#FFFFFF	#D3D3D3	91
3763	#FFFFFF	#D3D3D3	91
3764	#FFFFFF	#D3D3D3	91
3765	#FFFFFF	#D3D3D3	91
3766	#FFFFFF	#D3D3D3	91
3767	#FFFFFF	#D3D3D3	91
3768	#FFFFFF	#D3D3D3	91
3769	#FFFFFF	#D3D3D3	91
3770	#FFFFFF	#D3D3D3	91
3773	#FFFFFF	#D3D3D3	91
3783	#FFFFFF	#D3D3D3	91
3784	#FFFFFF	#D3D3D3	91
3785	#FFFFFF	#D3D3D3	91
3786	#FFFFFF	#D3D3D3	396
3787	#FFFFFF	#D3D3D3	396
3788	#FFFFFF	#D3D3D3	91
3789	#FFFFFF	#D3D3D3	91
3790	#FFFFFF	#D3D3D3	91
3791	#FFFFFF	#D3D3D3	396
3792	#FFFFFF	#D3D3D3	396
3793	#FFFFFF	#D3D3D3	396
3794	#FFFFFF	#D3D3D3	91
3795	#FFFFFF	#D3D3D3	91
3796	#FFFFFF	#D3D3D3	91
3797	#FFFFFF	#D3D3D3	91
3798	#FFFFFF	#D3D3D3	91
3799	#FFFFFF	#D3D3D3	91
3800	#FFFFFF	#D3D3D3	91
3801	#FFFFFF	#D3D3D3	91
3802	#FFFFFF	#D3D3D3	91
3803	#FFFFFF	#D3D3D3	91
3804	#FFFFFF	#D3D3D3	91
3805	#FFFFFF	#D3D3D3	91
3806	#FFFFFF	#D3D3D3	91
3807	#FFFFFF	#D3D3D3	91
3808	#FFFFFF	#D3D3D3	91
3809	#FFFFFF	#D3D3D3	91
3810	#FFFFFF	#D3D3D3	91
3811	#FFFFFF	#D3D3D3	91
3812	#FFFFFF	#D3D3D3	91
3813	#FFFFFF	#D3D3D3	91
3814	#FFFFFF	#D3D3D3	91
3815	#FFFFFF	#D3D3D3	91
3816	#FFFFFF	#D3D3D3	91
3817	#FFFFFF	#D3D3D3	91
3818	#FFFFFF	#D3D3D3	91
3819	#FFFFFF	#D3D3D3	91
3820	#FFFFFF	#D3D3D3	91
3821	#FFFFFF	#D3D3D3	91
3823	#FFFFFF	#D3D3D3	91
3834	#FFFFFF	#D3D3D3	91
3835	#FFFFFF	#D3D3D3	91
3836	#FFFFFF	#D3D3D3	91
3837	#FFFFFF	#D3D3D3	91
3838	#FFFFFF	#D3D3D3	396
3839	#FFFFFF	#D3D3D3	91
3840	#FFFFFF	#D3D3D3	91
3841	#FFFFFF	#D3D3D3	91
3842	#FFFFFF	#D3D3D3	396
3843	#FFFFFF	#D3D3D3	396
3844	#FFFFFF	#D3D3D3	91
3845	#FFFFFF	#D3D3D3	91
3846	#FFFFFF	#D3D3D3	91
3847	#FFFFFF	#D3D3D3	91
3848	#FFFFFF	#D3D3D3	91
3849	#FFFFFF	#D3D3D3	91
3850	#FFFFFF	#D3D3D3	91
3851	#FFFFFF	#D3D3D3	91
3852	#FFFFFF	#D3D3D3	91
3853	#FFFFFF	#D3D3D3	91
3854	#FFFFFF	#D3D3D3	91
3855	#FFFFFF	#D3D3D3	91
3856	#FFFFFF	#D3D3D3	91
3857	#FFFFFF	#D3D3D3	91
3858	#FFFFFF	#D3D3D3	91
3859	#FFFFFF	#D3D3D3	91
3860	#FFFFFF	#D3D3D3	91
3861	#FFFFFF	#D3D3D3	91
3862	#FFFFFF	#D3D3D3	91
3863	#FFFFFF	#D3D3D3	91
3864	#FFFFFF	#D3D3D3	91
3865	#FFFFFF	#D3D3D3	91
3866	#FFFFFF	#D3D3D3	91
3867	#FFFFFF	#D3D3D3	91
3868	#FFFFFF	#D3D3D3	91
3869	#FFFFFF	#D3D3D3	91
3870	#FFFFFF	#D3D3D3	91
3871	#FFFFFF	#D3D3D3	91
3872	#FFFFFF	#D3D3D3	91
3874	#FFFFFF	#D3D3D3	91
3884	#FFFFFF	#D3D3D3	91
3885	#FFFFFF	#D3D3D3	91
3886	#FFFFFF	#D3D3D3	91
3887	#FFFFFF	#D3D3D3	91
3888	#FFFFFF	#D3D3D3	396
3889	#FFFFFF	#D3D3D3	91
3890	#FFFFFF	#D3D3D3	743
3891	#FFFFFF	#D3D3D3	743
3892	#FFFFFF	#D3D3D3	396
3893	#FFFFFF	#D3D3D3	396
3894	#FFFFFF	#D3D3D3	91
3895	#FFFFFF	#D3D3D3	91
3896	#FFFFFF	#D3D3D3	91
3897	#FFFFFF	#D3D3D3	91
3898	#FFFFFF	#D3D3D3	91
3899	#FFFFFF	#D3D3D3	91
3900	#FFFFFF	#D3D3D3	91
3901	#FFFFFF	#D3D3D3	91
3902	#FFFFFF	#D3D3D3	91
3903	#FFFFFF	#D3D3D3	91
3904	#FFFFFF	#D3D3D3	91
3905	#FFFFFF	#D3D3D3	91
3906	#FFFFFF	#D3D3D3	91
3907	#FFFFFF	#D3D3D3	91
3908	#FFFFFF	#D3D3D3	91
3909	#FFFFFF	#D3D3D3	91
3910	#FFFFFF	#D3D3D3	91
3911	#FFFFFF	#D3D3D3	91
3912	#FFFFFF	#D3D3D3	91
3913	#FFFFFF	#D3D3D3	91
3914	#FFFFFF	#D3D3D3	91
3915	#FFFFFF	#D3D3D3	91
3916	#FFFFFF	#D3D3D3	91
3917	#FFFFFF	#D3D3D3	91
3918	#FFFFFF	#D3D3D3	91
3919	#FFFFFF	#D3D3D3	91
3920	#FFFFFF	#D3D3D3	91
3921	#FFFFFF	#D3D3D3	91
3922	#FFFFFF	#D3D3D3	91
3923	#FFFFFF	#D3D3D3	91
3924	#FFFFFF	#D3D3D3	91
3935	#FFFFFF	#D3D3D3	91
3936	#FFFFFF	#D3D3D3	91
3937	#FFFFFF	#D3D3D3	91
3938	#FFFFFF	#D3D3D3	91
3939	#FFFFFF	#D3D3D3	396
3940	#FFFFFF	#D3D3D3	91
3941	#FFFFFF	#D3D3D3	743
3942	#FFFFFF	#D3D3D3	743
3943	#FFFFFF	#D3D3D3	396
3944	#FFFFFF	#D3D3D3	91
3945	#FFFFFF	#D3D3D3	91
3946	#FFFFFF	#D3D3D3	91
3947	#FFFFFF	#D3D3D3	91
3948	#FFFFFF	#D3D3D3	91
3949	#FFFFFF	#D3D3D3	91
3950	#FFFFFF	#D3D3D3	91
3951	#FFFFFF	#D3D3D3	91
3952	#FFFFFF	#D3D3D3	91
3953	#FFFFFF	#D3D3D3	91
3954	#FFFFFF	#D3D3D3	91
3955	#FFFFFF	#D3D3D3	91
3956	#FFFFFF	#D3D3D3	91
3957	#FFFFFF	#D3D3D3	91
3958	#FFFFFF	#D3D3D3	91
3959	#FFFFFF	#D3D3D3	91
3960	#FFFFFF	#D3D3D3	91
3961	#FFFFFF	#D3D3D3	91
3962	#FFFFFF	#D3D3D3	91
3963	#FFFFFF	#D3D3D3	91
3964	#FFFFFF	#D3D3D3	91
3965	#FFFFFF	#D3D3D3	91
3966	#FFFFFF	#D3D3D3	91
3967	#FFFFFF	#D3D3D3	91
3968	#FFFFFF	#D3D3D3	91
3969	#FFFFFF	#D3D3D3	91
3970	#FFFFFF	#D3D3D3	91
3971	#FFFFFF	#D3D3D3	91
3972	#FFFFFF	#D3D3D3	91
3973	#FFFFFF	#D3D3D3	91
3975	#FFFFFF	#D3D3D3	91
3985	#FFFFFF	#D3D3D3	91
3986	#FFFFFF	#D3D3D3	91
3987	#FFFFFF	#D3D3D3	91
3988	#FFFFFF	#D3D3D3	91
3989	#FFFFFF	#D3D3D3	396
4041	#FFFFFF	#D3D3D3	91
4042	#FFFFFF	#D3D3D3	91
4092	#FFFFFF	#D3D3D3	91
4093	#FFFFFF	#D3D3D3	91
4142	#FFFFFF	#D3D3D3	91
4143	#FFFFFF	#D3D3D3	91
4144	#FFFFFF	#D3D3D3	91
4193	#FFFFFF	#D3D3D3	91
4194	#FFFFFF	#D3D3D3	91
4195	#FFFFFF	#D3D3D3	91
4243	#FFFFFF	#D3D3D3	91
4244	#FFFFFF	#D3D3D3	91
4245	#FFFFFF	#D3D3D3	91
4256	#FFFFFF	#D3D3D3	91
4294	#FFFFFF	#D3D3D3	91
4295	#FFFFFF	#D3D3D3	91
4296	#FFFFFF	#D3D3D3	91
4307	#FFFFFF	#D3D3D3	91
4344	#FFFFFF	#D3D3D3	91
4345	#FFFFFF	#D3D3D3	91
4346	#FFFFFF	#D3D3D3	91
4357	#FFFFFF	#D3D3D3	91
4368	#FFFFFF	#D3D3D3	91
4395	#FFFFFF	#D3D3D3	91
4396	#FFFFFF	#D3D3D3	91
4397	#FFFFFF	#D3D3D3	91
4408	#FFFFFF	#D3D3D3	91
4419	#FFFFFF	#D3D3D3	91
4445	#FFFFFF	#D3D3D3	91
4446	#FFFFFF	#D3D3D3	91
4447	#FFFFFF	#D3D3D3	91
4458	#FFFFFF	#D3D3D3	91
4469	#FFFFFF	#D3D3D3	91
4480	#FFFFFF	#D3D3D3	91
4496	#FFFFFF	#D3D3D3	91
4497	#FFFFFF	#D3D3D3	91
4498	#FFFFFF	#D3D3D3	91
4509	#FFFFFF	#D3D3D3	91
4520	#FFFFFF	#D3D3D3	91
4531	#FFFFFF	#D3D3D3	91
